  1.130000               73485.12393
  1.180000               50832.25397
  1.230000            33409.95037483
  1.280000            20465.30150119
  1.330000            11406.20516420
  1.380000             5582.44582102
  1.430000             2105.73721189
  1.480000              399.75651282
  1.510000               33.34800525
  1.520000                1.52198896
  1.530000               10.32511642
  1.540000               57.26196109
  1.550000              140.00170237
  1.560000              256.43079955
  1.570000              404.64860236
  1.580000              582.82249758
  1.590000              789.08256139
  1.600000             1021.57642788
  1.630000             1858.99285757
  1.680000             3630.51746055
  1.730000             5737.13812544
  1.740000             6187.40569490
  1.750000             6645.30000781
  1.760000             7110.04631870
  1.770000             7580.90719283
  1.780000             8057.18909034
  1.790000             8538.23139261
  1.800000             9023.40640220
  1.810000             9512.12373233
  1.820000            10003.82152795
  1.830000            10497.97085520
  1.840000            10994.08886991
  1.850000            11491.77612822
  1.860000            11991.08091457
  1.870000            12544.48839229
  1.880000            13043.25766054
  1.930000            15528.85395038
  1.980000            17973.23290446
  2.030000            20344.61898563
  2.080000            22616.07168291
  2.130000            24765.14971523
  2.180000            26772.72586848
  2.230000            28614.46479552
  2.280000            30278.22077026
  2.330000            31756.29681738
  2.380000            33057.64311233
  2.430000            34161.06279523
  2.480000            35090.10110453
  2.530000            35862.18652070
  2.580000            36497.35268810
  2.680000            37439.31146896
  2.780000            38065.66792465
  2.880000            38488.02490525
  2.980000            38779.82959612
  3.080000            38987.35602855
  3.580000            39451.39343639
  3.680000            39490.93837546
  3.780000            39522.00939903
  3.880000            39546.50935213
  3.980000            39566.17208434
  4.080000            39581.99840001
  4.180000            39594.12437340
  4.280000            39604.10388489
  4.380000            39611.91279227
  4.480000            39617.82324409
  4.580000            39622.72191787
  4.680000            39626.25765418
  4.780000            39629.46417854
  4.880000            39631.74013046
  4.980000            39633.21280525
  5.080000            39635.20563490
  5.180000            39636.15376531
  5.280000            39636.53565116
  5.380000            39636.69147814
  5.480000            39636.82096818
  5.580000            39636.69806239
  5.680000            39636.42152436


